t = [0.98 0.98 0.98 0.98 0.98 0.98 1.04 1.04 1.04 1.04 1.04 1.04]
c = [ 9283.83275902  9538.29072718  9797.22269583 10060.46614721
 10327.60321283 10598.18382047     0.             0.
     0.             0.             0.             0.        ]
k = 5
